3835
3428
102
1725
1346
1467
3336
2466
2184
2032
118
1364
3147
760
1619
984
3006
3741
1776
1176
3694
3268
1644
3870
2251
1304
1863
782
60
324
2315
73
3271
2820
296
2830
2144
2396
3412
1312
2728
711
3819
1947
2414
20
1856
3458
1138
3761
3860
145
2052
3564
4008
1034
910
835
2597
2919
2093
3994
519
3396
285
2143
573
613
3932
1769
2062
648
2992
82
2954
1028
3977
1371
1526
3203
1915
2118
994
1136
602
3597
1704
1803
387
541
3897
3972
2582
2023
3109
2586
644
1095
836
3098
2031
3720
175
3077
3314
174
3226
120
3050
3133
3710
2641
2245
28
2039
2021
287
3875
855
1062
1513
1689
2895
3867
2913
2500
1941
368
744
1001
2815
1935
3945
343
2567
260
3947
3174
1986
3750
3634
2001
1108
1753
1616
1893
2391
3092
1944
3527
3526
162
3766
3042
2506
3693
3539
1178
1772
2073
1871
3260
754
1313
1376
3404
1407
3248
1100
2930
1409
2183
3561
2934
777
3457
1989
3769
3702
5
3138
1970
2661
3005
964
1179
1308
3437
3028
1758
4014
3682
1901
2606
991
1037
4019
2515
326
2634
2810
1673
2590
3026
589
935
392
3447
2690
3340
1082
2573
998
448
3618
3992
2993
130
2967
4004
2336
3225
1657
564
3645
2614
1350
2850
2893
1147
1964
1360
3286
1123
1728
244
737
3967
1252
3960
3806
87
3540
2305
171
3915
3537
758
2243
1959
1182
1584
2775
1423
335
1528
1779
1468
111
3959
3704
461
2637
125
2393
2999
735
2692
2801
3360
2176
55
2047
3116
3949
65
3669
3798
2117
897
1231
526
3040
2163
2367
1718
1501
3245
2070
518
3951
3600
2781
1739
2192
933
2833
2468
697
3113
2215
235
3230
1515
2089
3057
1446
3167
1335
346
2947
2697
3015
1154
1172
303
3038
2660
1791
3783
2342
3380
3409
2234
3827
268
2740
3856
1678
3679
2645
1906
2628
2222
3755
3999
2809
566
3939
1024
942
2354
1592
445
2216
4017
3411
3070
382
2580
2719
3678
986
3364
1547
1955
2273
2751
264
2484
2300
3031
2248
627
3090
1397
2807
792
1401
1962
2066
2613
2386
1301
1174
2712
3795
1383
414
293
85
2903
2071
2966
206
2928
2420
2199
1759
3749
587
1980
3220
2662
1330
1027
2635
931
3552
2964
2760
1246
1977
3531
871
1392
3650
2772
19
2365
169
594
1141
1940
907
1972
3587
3035
529
72
441
2780
2987
413
2435
2528
869
3420
3822
3297
1006
163
2203
96
2621
861
3405
3130
3873
332
2698
3030
1790
3240
327
2914
154
1085
2450
2569
3889
2120
2664
3996
2553
2058
2159
471
2977
223
6
2938
2364
2400
896
2193
703
469
3444
1929
2427
2633
3866
429
908
41
3542
791
2344
3053
1137
936
2295
2063
402
43
2148
3674
1914
1023
764
2351
1558
3445
2197
3373
531
1810
645
2472
56
1741
713
1084
1241
3274
3577
1049
1416
1398
356
1429
1156
165
2381
2680
468
2577
1490
2699
1081
3333
582
238
15
2552
3637
3876
2965
2108
315
3101
1248
1787
3997
2462
971
18
2174
3513
1131
3236
453
3729
2348
3643
1747
769
3325
1184
2338
1733
2011
1060
2864
2107
440
2452
140
687
3310
3549
3216
2970
1748
1243
1630
1861
1395
3909
3929
1149
58
2933
3605
2204
242
3155
3911
1523
1403
801
2187
2603
1866
617
1805
583
1204
484
1116
537
3204
352
1322
692
3002
2067
1069
1471
1406
1509
1965
396
1792
3265
2205
2745
44
1384
3700
2976
119
2986
1903
2372
915
905
3742
1221
2447
177
1151
1723
1640
2981
1783
603
3387
655
3122
2415
989
3886
1332
1317
2593
3446
283
3056
1164
604
512
455
3452
3931
2882
2865
1611
597
3079
2458
2936
2732
2485
253
2749
3178
2069
1681
2042
2330
3652
1474
1458
3496
397
987
953
628
16
1939
709
820
2578
2264
1568
3591
159
1661
3080
746
447
424
3288
3074
46
2092
1696
3523
3804
2345
1567
3284
3019
1601
1910
515
1469
1195
2962
2460
3963
2575
1302
3402
3111
3593
3307
144
3731
2322
3879
2470
3758
1917
1923
39
1078
433
3883
3545
3283
2014
3152
3921
1858
449
948
3850
1373
2425
1421
2186
1002
211
1621
364
84
2439
1294
3756
214
1295
1682
890
3498
2918
1210
1124
1586
3759
2617
1573
2002
892
3773
2091
1580
3371
878
2623
417
2846
1720
173
3688
1267
168
1096
3089
3558
3094
476
3683
2255
3255
2521
656
1370
1496
2307
837
1223
1850
2562
1710
3575
1926
2253
3350
22
1015
1026
2341
2683
2392
2561
2688
3559
3711
3355
2301
2881
3536
1097
1493
1454
1213
3471
1399
1092
2492
509
1911
535
2331
1738
1872
1228
3213
911
90
3660
2127
3270
2051
1597
3403
1897
3506
1088
2973
909
2310
3157
1290
2314
3440
2783
960
1543
3901
1997
3261
1451
1626
1750
1242
1309
1270
3115
2752
339
3112
104
2388
383
3786
2721
487
2356
757
1041
3427
317
1934
3078
3117
3295
2177
1165
3583
3341
1757
747
3454
3665
1655
272
2731
1473
540
3114
1551
1114
2657
2327
498
2822
2082
1071
3073
0
2536
3276
572
2325
83
1463
473
100
2181
2116
1688
1064
2131
2509
3386
1488
2654
3475
3192
74
2122
1348
3397
2491
71
1375
2968
1602
164
872
3923
2025
3734
243
3724
2282
141
3413
2907
741
1994
2133
1771
3222
2261
2837
1538
3253
1908
2774
2477
2436
3765
3777
3131
2549
706
2259
3479
3
1907
1323
2848
2095
467
117
2649
3051
35
3262
143
3745
2384
2207
189
1985
2171
1860
314
3738
3568
3210
2101
1274
2213
277
2534
3907
3664
3814
1637
1535
3903
1160
2937
3534
1080
3608
1847
3510
2438
350
422
208
1189
1262
435
3365
137
2497
2057
643
3708
2555
1967
4016
128
3273
2017
2722
3922
620
955
1756
252
3774
2769
2939
42
1534
2494
2517
3400
1140
2677
1588
1193
3165
3778
2173
3449
2220
2046
733
79
329
1115
1486
2237
221
2926
1974
1388
3572
674
77
3946
3825
59
3617
3484
2139
2263
3267
773
1976
2461
1695
1875
2571
2988
2260
1318
3891
2610
2106
3456
1372
2570
3140
1853
80
2595
2363
2545
1152
2256
1048
3744
3466
1502
3864
3779
3550
2411
1539
1507
3423
3562
2132
1579
224
3378
2252
32
470
704
816
135
354
3170
2912
1857
321
3425
3727
543
1227
389
2841
2379
2027
679
1410
868
1435
1169
2244
2792
384
1170
3829
2725
3524
1009
3211
3763
2428
3477
2540
1003
116
2702
561
2488
472
3791
1340
333
2802
677
216
3021
170
3781
938
4000
2880
2531
2714
3388
3419
1839
1605
3581
883
192
2920
3968
2236
129
3441
3223
3687
3459
1462
2227
2776
3961
1374
276
2791
622
3118
3207
2178
1541
2600
1557
1569
1954
1958
1664
3512
2138
1316
2687
1126
1359
1390
1957
2019
2856
1703
3249
1782
3039
3764
1542
4021
331
546
2691
3632
2927
921
3194
156
3663
219
3285
548
419
2280
1806
1922
731
952
2376
743
2395
867
3828
2592
3426
2145
2498
2440
1978
3857
1457
3792
358
2589
1879
740
48
2871
1396
3706
2081
2530
946
1264
2857
91
475
3004
3141
3554
1472
993
3384
899
3732
220
2333
3250
1105
1487
3635
1797
937
2804
775
1380
3712
3823
1025
2647
2214
2724
2876
488
2134
1112
2758
1820
323
511
2366
2033
2130
2323
884
2231
459
3623
802
2004
2226
1484
2271
2503
3861
2284
2194
3812
3515
3809
452
1217
605
2005
1764
245
2316
501
3609
843
437
3041
3953
574
240
3736
759
1432
1343
3329
972
3464
2113
3438
846
805
2733
106
2380
517
3176
3408
1209
1382
819
2963
1091
311
2269
1873
2471
3658
493
2975
2079
1368
3636
1047
2720
1439
2888
2303
699
4001
1651
3751
409
3808
2572
3820
2960
3374
1440
914
877
1497
2075
1285
3607
2326
1629
2012
363
3885
2902
292
1701
3719
2644
2860
1752
121
2286
825
3075
2024
3171
3680
3553
2958
3161
1745
4011
1354
405
786
3298
2100
2742
1780
3142
856
2361
1553
3753
3415
3217
841
1102
416
2385
3372
3494
2152
3066
2811
3666
3047
850
88
778
842
1865
3481
559
2302
1163
3845
3316
3844
2738
2267
1336
1966
2328
1196
2972
275
2401
2332
1527
3455
446
53
823
1055
2312
1516
1925
3160
3189
40
1743
969
1598
1366
992
585
3306
1774
1109
999
3293
2275
265
2979
2767
1849
1255
1063
247
1229
956
3788
1447
1289
1148
3563
3135
670
924
693
838
4003
2339
334
9
3337
3105
680
2585
3033
3119
3275
2038
66
1816
3017
24
286
1017
1798
203
1698
376
444
981
1190
3950
3173
3831
514
3525
658
3125
3323
271
2387
3172
2980
640
1555
2785
1287
3367
1
3746
3308
3277
1144
302
2096
832
1677
3601
3614
2417
1431
3321
1610
3935
2678
1059
3801
1559
970
1742
1992
146
45
379
1828
1121
2266
2771
1181
3532
1881
2959
1812
898
1042
2304
2609
3354
2587
723
3771
1314
3657
1921
2229
3516
1232
666
1000
1074
3214
204
860
3768
2362
3739
3651
2399
1334
1284
1715
2711
2045
1825
3353
3356
257
3837
3640
1057
1979
828
3394
2844
107
4018
2179
229
647
270
1565
492
1450
1869
2847
716
3598
3206
793
2565
3061
1932
3179
1273
2886
1874
2167
1279
1005
2350
631
2686
3023
2877
2655
1491
2757
1617
2619
68
718
351
2512
1707
1341
3065
768
1019
633
696
34
3362
1168
289
338
1765
684
126
1614
3435
3358
2838
3675
2872
1344
1506
1563
2476
3570
2160
1846
2129
3655
3164
295
732
646
738
3108
1878
1799
523
3619
3399
2550
544
1321
2290
1183
3020
2249
3208
3574
267
2054
3272
600
3518
280
630
3849
3219
950
322
3076
1647
370
742
3008
2346
1265
1882
1505
3088
139
2499
2834
3616
64
2519
2413
1754
3838
1631
1913
701
3121
2489
1326
3874
2890
3699
2891
1296
542
3979
2406
3659
3129
2522
2008
3740
570
1521
3560
3596
1775
803
1975
2713
2410
2404
2077
1971
478
1973
2948
854
547
17
1815
320
3919
1533
2277
153
1128
319
2340
2667
3421
2281
1013
683
1281
1663
1361
205
3012
1276
365
3988
3493
1167
913
312
378
27
1606
1239
1211
3519
1161
3430
2370
1835
1004
763
2557
1666
2624
1658
1841
2840
136
122
233
1125
665
1766
2744
3312
663
1642
1379
2254
2952
660
1293
2642
2135
3622
2883
1931
2233
2793
3503
1207
3063
580
2239
1022
1793
462
1945
502
2433
1146
13
2374
166
132
789
770
3799
225
1408
2921
4009
2643
3434
3103
2910
1150
3631
7
927
438
608
2656
3522
1784
1950
3450
2352
1499
1864
3254
886
539
3000
714
799
3940
521
1428
202
2098
2956
1536
3615
3363
1020
985
3502
2601
2611
373
2235
685
2373
2455
2831
2223
1668
3398
1916
2599
3624
2648
776
3556
3811
1578
534
2615
756
1298
227
2689
61
2084
2816
2006
3385
650
1337
259
1222
1481
3190
3944
3110
3416
1054
234
3934
1632
330
3097
187
123
636
3573
3183
1570
3218
2357
3983
917
671
1482
3124
2784
1819
3843
3344
3775
1814
1763
3145
1177
3776
256
3266
885
3818
1545
1900
522
299
1844
3126
3132
486
367
1991
200
3313
1046
3991
2287
443
1683
2289
1870
454
1297
246
1960
2136
147
1520
3697
2727
1868
3060
110
2547
676
2296
2483
3677
3345
2250
722
3790
3586
720
2088
612
3120
1794
33
328
2175
2858
2806
849
565
2140
919
2299
880
10
2201
1877
1549
1365
575
161
3690
1275
3748
2703
3081
98
1180
3369
1982
2015
3366
662
3324
3246
739
3392
2671
2868
3566
2543
2156
1103
2803
2829
1158
2957
752
616
3858
3887
2306
721
138
2666
2232
160
2523
1420
1517
796
1596
3772
2151
2355
1377
1333
3087
1215
995
3436
2119
664
2168
1719
3473
1730
2940
1995
3638
1684
485
1832
2219
3592
274
1889
411
477
783
3821
3980
1840
2149
1572
2929
3834
3676
3714
2360
2217
1636
408
1266
1583
2285
2718
3243
2716
2548
374
3302
681
951
1587
2123
1717
2064
3958
2448
3187
1300
81
2437
1953
2729
494
3852
2869
1998
500
3836
1319
918
958
3304
2862
3037
2353
2935
1519
1283
3317
1353
1781
3289
288
1735
1035
2944
3482
1788
3238
576
2955
1233
3346
3646
3184
3144
1773
1278
1254
1120
2321
228
1607
873
3376
1230
2852
3668
51
1576
3003
1933
1942
495
2835
8
2638
2383
2943
89
2056
1827
2041
698
3520
859
395
406
2377
2748
3136
3721
1282
297
2317
678
3469
642
3069
2746
3541
2894
2169
2378
1381
2997
150
3010
2805
178
2735
2985
925
1010
1093
3134
114
2196
781
21
2164
774
1694
489
3085
2873
1247
906
3228
3024
2709
3414
3881
891
1500
2538
1671
3349
3673
1625
4006
1785
1622
217
474
1320
1099
1918
1342
2759
2892
1269
1854
2525
2502
3894
554
2989
748
675
3653
198
1218
2827
1672
2465
1029
2700
2469
1930
1175
1585
1949
1094
1852
108
2990
818
1159
579
3205
3627
584
2463
1709
1286
2337
830
2479
1920
2616
1012
3234
3914
599
2104
2142
1762
2240
3463
2185
3535
263
307
300
1680
410
2464
3954
310
1111
2704
369
1271
2369
1129
707
1292
201
1560
3361
4015
988
1786
3888
1990
1033
1883
2995
2182
3613
2112
1226
1067
349
2504
2766
2318
2110
601
858
957
37
3058
3813
3258
3722
710
3067
2371
609
3045
3334
2859
1203
1459
870
3543
2247
4020
2283
347
1848
1307
2866
341
353
2942
1518
2853
3264
2659
1058
1961
2824
1593
2274
2765
93
929
3925
254
3928
456
179
1789
510
388
182
864
888
3787
2651
3257
298
811
2279
2588
1201
2443
3072
3904
2726
1347
1679
804
637
3460
199
371
2086
1400
3328
2762
2276
2924
725
2050
3639
436
1075
2763
3036
1244
3557
1280
1540
812
1724
3805
1328
1537
3483
932
3335
3985
3470
1199
190
1086
2764
1245
434
3082
2016
3235
3588
1053
1391
3185
3760
590
1076
3390
3011
3442
1951
1615
2105
2743
1186
2978
407
862
2932
2520
3854
2786
2272
1504
3311
2397
807
2010
901
528
2224
639
2445
2099
2480
615
2826
3604
593
2429
923
556
2539
2898
1277
729
930
1260
3292
3974
1899
967
1032
2430
762
1236
366
1969
2605
1834
2579
3106
3342
184
940
152
2451
47
232
1483
2431
3971
1257
2991
3485
3521
3941
2723
717
2225
2013
1430
827
2262
375
895
1838
3186
667
979
1554
2294
1214
1362
2324
3095
403
3713
3743
1984
3137
3793
2554
632
2126
1885
3686
2409
1948
1867
401
2566
2982
2405
2449
3576
3689
2102
1434
2090
569
3725
31
1653
251
2796
360
1884
1811
527
457
1609
705
2473
893
3474
2750
2291
2983
2787
1936
3602
3139
3630
2527
1234
649
3431
1413
3486
3826
3913
3490
3202
2329
2035
3347
1716
3290
1665
2068
765
2639
342
3224
3177
562
3943
412
3862
1937
1761
4002
1928
3747
2055
2188
2426
2278
3966
2109
94
2887
2773
2818
533
3548
3407
1460
610
3595
2208
2795
3698
507
239
3832
194
3256
2915
1722
1859
1896
755
273
3610
659
2228
625
1830
3716
1411
218
2309
592
3611
3920
3507
3229
3168
2808
3064
963
348
1438
95
2358
2020
2646
2155
795
1311
3221
3359
2855
1956
2922
2059
2161
3900
2034
1624
3730
1208
258
2508
1732
115
2951
3150
266
2558
3233
1638
1886
1983
1386
112
361
1225
3681
2493
2408
2162
1648
3927
3649
508
1194
97
1837
3984
1113
2172
313
2320
1968
571
3500
2618
2675
654
359
712
555
1582
3212
3737
3252
3908
806
230
2496
497
3127
1122
2625
3973
2842
2636
26
2674
3599
2153
503
865
1529
3555
428
1098
355
1823
3859
1478
966
2916
3410
3642
780
3620
1173
903
1476
2189
2230
1562
3497
2036
1963
1924
1134
3964
1777
568
1633
3357
466
2836
2560
3872
2446
3352
606
3517
3718
638
943
3182
3703
2487
3969
1212
3163
3487
1065
2797
480
1822
1731
3461
3782
284
1705
3007
1744
1552
1119
2653
2206
1263
2478
3930
3489
1600
3754
2202
1686
3280
172
4023
3956
1417
3847
1051
1755
3259
3505
1470
2695
904
840
3981
2706
1667
2879
2658
3465
2583
1465
3239
3383
1734
3648
2779
2043
423
3231
3508
588
1378
3193
3439
3810
1414
3625
934
3905
2564
3647
3054
11
1130
2421
1561
2040
727
2453
553
282
3863
961
669
945
1662
3865
536
3499
2195
2630
3027
2158
3912
2094
954
1904
3899
1749
1363
1952
2270
1546
3379
131
1089
2828
1612
2996
962
3656
1220
852
4010
3068
1250
1324
3059
3975
1530
63
1310
210
36
2817
2845
2359
1845
2884
3916
567
3432
532
1676
3869
357
3898
1912
2049
1489
304
1389
1590
2268
2265
983
1101
3478
4022
2945
941
1692
3982
3318
3511
1687
894
237
1895
1646
551
3406
1690
3544
990
3735
794
634
2541
2800
2422
3282
398
1202
1760
3871
481
2559
1713
1746
3705
1727
944
1524
1693
1056
1083
1691
2003
1768
2622
3892
1427
134
301
2821
2505
3018
797
1357
193
3603
1338
3590
1836
595
833
3025
86
2165
2514
2459
668
694
2298
99
1675
3451
345
3107
3855
3048
1674
490
1445
1331
1699
1566
3368
76
2074
641
279
1387
176
1073
1155
2584
3803
1770
2867
2632
2402
404
3785
1808
3880
2533
207
810
269
2755
1981
109
1604
2551
3589
1356
3962
1299
185
845
2085
2665
1591
3672
3327
3667
1455
2819
619
2524
1153
1575
442
1449
947
1669
3815
1643
1821
1031
3701
1237
2949
2218
3395
1544
255
3726
1670
1171
1999
3320
458
4012
3833
3976
1219
853
3896
191
3882
2537
912
926
2398
875
922
2627
3579
1880
2147
1851
1800
767
1394
3191
1166
1888
197
3752
2423
3055
618
3071
1157
3381
1050
851
824
504
291
3612
1795
3733
876
826
2789
2568
3986
3670
3472
127
103
2257
1479
2114
3351
1711
2141
1898
2917
180
513
2741
50
525
784
686
2631
2851
2018
1127
1256
2596
695
3671
2474
2556
974
3084
1938
70
766
3654
3149
1919
2319
3104
1556
2693
2347
133
38
1649
1240
3842
1634
787
2241
1422
2097
1016
1339
586
1441
3723
1036
520
337
2121
980
817
393
3453
1767
3606
1133
306
4013
745
3709
2518
1044
3300
949
821
1574
1809
415
3181
2297
479
2170
3032
3692
2574
1697
1162
2961
2896
978
420
464
3422
3978
761
2591
3091
982
385
1291
418
391
2812
866
973
2065
607
3128
2908
3841
3244
3661
2788
2053
1068
2454
2258
2608
3770
3942
3848
1117
2535
2416
3633
1043
771
3696
148
2407
3695
3247
3762
3924
3989
3315
3957
2212
2843
142
1876
3001
3309
483
2901
834
750
1628
977
1415
3794
1425
1305
661
2794
1595
2602
3528
614
2768
965
1466
432
691
3180
1139
124
2650
1066
3504
1456
3332
2777
3990
3154
261
1433
3319
149
2154
1801
1804
2925
621
3462
3232
2663
2475
1639
1613
2747
1268
3797
1192
3936
463
1461
3816
2931
3571
1038
847
1352
1581
3158
2607
2736
3491
813
215
1650
2604
49
430
1645
2507
3509
702
2198
2679
3780
2823
3918
2368
62
1188
2576
3418
2904
1887
3585
2434
1548
1778
2832
1503
421
499
3227
1259
3209
3200
1448
2394
1197
1620
1571
3501
1603
3148
874
1351
3301
2078
1796
12
1510
3547
1729
2640
2778
700
3162
3296
2669
4007
69
557
1072
14
2798
2696
1656
278
3281
3188
1288
3299
1618
2563
3995
3123
1909
1736
3393
3348
30
1706
3533
3237
3195
728
3800
2048
2753
3263
1205
2083
2238
3251
560
552
3685
3096
2685
212
2221
688
1660
294
1514
1251
2761
491
629
2715
1652
2157
2701
226
734
997
3215
3022
1700
3046
2486
3933
724
2418
558
3156
3049
1480
2790
577
3937
249
325
2124
3169
2670
3480
1902
2076
2612
2029
1494
1564
195
1272
1813
1325
1436
1345
2115
2782
3278
1890
3391
2705
2242
2456
672
1740
975
1143
1367
3303
3641
460
2513
3817
4
1987
3877
231
1106
3514
3009
2909
1040
809
753
1077
425
3965
1008
3830
75
2382
381
3468
626
1327
3767
1358
78
3580
1485
3338
772
800
1641
250
2900
829
3241
2754
1145
183
3784
2911
3578
3269
2060
2799
1452
798
3448
1891
262
400
3621
2292
635
2080
2190
1532
2825
598
236
3043
2030
2125
1685
2442
1355
158
344
1702
3839
2313
209
2087
3196
2885
968
1007
1142
25
3330
2813
3893
3143
2311
3853
3644
887
2870
3159
3166
1708
1104
3375
814
2581
2542
2923
1833
3584
3322
3569
2424
2288
3382
3926
155
1550
516
1261
1200
623
3029
3086
2676
1107
105
652
1045
690
779
1014
1512
881
2770
450
3628
113
3846
2146
3326
318
1498
2529
2137
2854
1996
916
3796
2946
3389
2516
844
2708
863
2756
2403
848
52
3757
1817
3305
2389
3717
1369
2482
1623
3707
2419
1659
1508
3626
653
3429
3034
651
2998
67
611
1927
309
2510
2037
2849
3807
1135
1818
3443
3998
1443
1842
3551
1829
563
882
3294
3906
3917
3100
2710
92
2672
3970
1475
1453
1079
196
3377
157
3401
3093
2335
2
2839
2412
2009
2974
394
785
427
1594
2739
1464
2737
3013
1492
3824
2861
2682
1061
1303
3424
57
1418
482
3993
996
1426
3987
1191
3582
2971
2906
2072
1946
3279
3890
1216
736
3868
2022
3910
2211
2028
719
213
399
1531
2061
524
578
1444
1253
222
1021
151
1039
1118
2457
822
3062
2044
2594
3146
2863
305
3594
3175
624
928
3433
857
3488
101
2897
1843
530
3895
2000
1249
1802
2694
959
3417
2905
591
2734
3016
3201
1824
1608
1511
4005
2941
1495
3492
1737
3242
241
3538
281
581
1894
2490
2007
790
902
2432
730
3291
1577
550
1235
831
3565
3044
3902
3339
2349
3153
2652
2246
1052
3102
1905
2546
2814
1385
3530
2495
3014
1654
1714
1393
3851
2875
465
879
1206
3629
596
377
3567
1993
2308
1090
439
538
3955
2444
1589
2889
1070
1018
1419
2481
3197
3198
3287
2950
1862
3884
2532
3662
186
1198
2150
2501
682
1402
3878
3331
496
839
23
1238
689
1712
549
340
390
1807
2878
167
751
1726
290
726
3952
1011
2334
2620
3938
3529
3495
1943
3728
2026
372
1892
248
2681
815
2598
2103
2969
3199
1831
2191
3370
2984
1477
3802
1627
715
3083
1437
1329
2210
3343
1087
188
386
1224
1315
1599
2730
1412
3684
2668
2626
2629
2673
788
181
380
657
2166
2526
1525
3789
3840
708
1442
2390
1258
505
3715
2717
939
3052
3691
2467
1187
426
1405
1132
1988
920
1404
54
2375
431
1522
2899
2111
2994
2343
749
889
3467
2128
1751
1721
1306
2200
451
2180
3546
673
1635
2293
1826
316
545
900
2209
2511
3099
2441
1185
3476
1855
1349
2544
976
1030
506
3948
29
336
2874
2684
308
1424
1110
2707
3151
362
2953
808